9953
4629
1414
1775
10286
3095
8528
11636
1963
7991
10198
2106
8701
7303
4238
5143
708
4223
4078
3675
4889
7433
10237
3268
4289
4044
1184
3296
502
4731
6636
6380
6254
1715
11126
6102
3546
8558
8751
3040
8957
11954
4772
3581
7213
7283
4948
5156
5342
9548
9553
11823
2433
1641
3372
4580
10809
7569
2862
6008
4236
10943
11826
11225
6705
5881
6733
1114
8924
839
8811
841
114
10611
5055
2469
5824
1666
6426
11797
229
8556
2798
5760
6466
4998
3903
1805
4109
10890
2098
11571
10432
786
4900
4457
7586
9155
6660
5265
1310
11694
2348
3932
11174
974
3044
4164
11305
7163
1429
7834
3939
966
4132
8873
8544
7135
4083
5734
2101
6502
6235
6866
8738
2859
225
5824
4682
10446
10941
7888
6889
155
1980
24
4960
6950
9492
5149
11239
4910
9507
5602
2091
3354
940
4534
6821
6558
8676
9259
3363
2625
895
1512
3409
4835
6768
722
3268
8937
8296
7307
4834
10946
8398
3361
2964
11587
5521
11447
504
6012
10954
11691
204
7415
11309
3473
4375
10059
1302
10953
11363
770
1635
619
11624
2421
1422
2483
5571
5723
3984
2326
3821
2617
695
6591
10953
3933
10781
6870
1805
1430
304
9646
7411
4653
5222
10179
4318
10325
3501
6917
9213
2722
11402
10577
2454
8891
3674
10470
10775
11719
8866
4861
9197
196
2232
3381
11920
5226
6806
3844
11578
5841
4904
1175
856
10471
8350
10027
11327
6602
9055
10746
11558
587
243
2502
1957
11102
6583
9718
128
10782
1052
1624
8407
467
4613
1502
11152
6783
5071
9927
4962
584
11347
1904
3059
6871
7958
2755
9264
10591
7380
3017
10107
2150
9398
2351
7882
8384
9964
11042
6483
3420
524
11033
6189
1608
9698
7401
3795
105
10729
9390
11963
2847
6737
9370
11655
6774
10357
9700
2161
1219
3863
1589
10189
3091
516
10634
1795
2534
383
987
8538
6321
5876
838
5625
9276
5592
4578
10373
2665
1562
7583
8308
10475
4858
6473
387
1363
9258
4787
10551
5070
1093
4932
11415
1759
5739
7502
1953
1585
3724
4278
8561
226
11335
2612
474
1220
7209
7710
10359
6554
9544
3105
9461
3680
11135
2597
11304
3180
5488
5826
1098
624
621
4072
10983
7218
3795
8913
10871
156
10344
2624
2626
2734
10672
10683
5877
5400
8111
11303
6766
7842
6694
86
3243
1666
11672
3685
360
6098
6118
9028
9488
2669
2872
8357
667
6590
2959
3552
562
9187
2232
7962
5726
10524
3569
10374
10821
4521
9541
2302
364
1167
10394
7702
10158
1911
2515
5608
914
839
11180
4953
1737
383
8621
910
2831
8279
8847
8259
7626
3928
8102
10099
6603
5734
3798
9332
10083
1234
1511
7706
5558
11081
3347
5156
8149
520
4903
3189
322
11642
7695
10151
2737
11199
10756
10853
7853
9355
2321
9315
3113
10166
3503
9238
4094
9584
5955
2430
11935
3650
6730
11842
6452
9587
5943
7210
8826
763
11563
2673
633
647
4194
3713
2574
11015
11667
5740
1073
2130
5559
7483
793
10789
8062
9661
3310
10904
10776
11226
7371
3989
4476
6887
9524
3382
361
2139
1619
8574
6960
8990
9649
11573
8590
6349
9279
3121
2759
9419
6825
754
8331
9766
1074
745
2428
6959
8869
2707
6664
8464
2096
597
7734
11084
2648
4591
8413
4304
6771
4144
6807
2255
3187
2065
585
11941
9159
11790
397
6354
2995
10954
7953
2590
396
3558
9075
3176
7006
6900
9229
4714
4874
10295
9985
4791
11024
5663
4357
3126
2027
5235
532
11440
7154
8378
6525
654
4977
11271
4080
5344
4444
4083
5033
3190
8029
10412
3538
11669
6543
1395
3478
2518
1907
8970
10535
4758
5890
1957
4194
5860
4952
6052
8854
7839
11680
8258
2466
8001
2118
2943
2596
2963
8649
9292
10043
8377
2863
10456
1086
1725
10592
8828
909
7677
10629
4148
7047
7401
5054
9796
8583
6637
2563
8281
11828
11161
7128
10071
7588
4436
11536
10085
5267
2551
6625
9767
5444
3529
8023
4013
10336
5678
5998
1003
5455
9771
4248
365
8250
1536
11274
4222
1247
11400
11276
6091
3244
2066
8070
2062
5321
1192
8711
7539
6958
3656
2537
9732
2423
2979
1894
2292
6969
7409
2088
622
7685
2411
10082
4013
9364
6124
9256
8914
8413
11011
7460
3490
2400
8947
8179
11195
1864
5548
4950
7767
1003
8395
8735
1899
8865
4709
11789
6263
9491
6208
4216
3944
10046
8874
4050
3261
5255
3175
1443
2308
9183
10921
1101
5466
10507
1710
10115
3385
3981
10298
9827
4844
4348
2061
7249
11190
691
4358
10891
3669
1292
2384
5425
1589
624
578
8630
4128
10613
10488
3453
63
6837
6464
8030
382
2906
8732
725
4919
8106
1147
5298
3657
11039
10768
2132
7604
8367
80
2419
8875
2465
8747
6244
1787
4202
9789
11477
5211
642
6141
8777
11790
9458
1537
7107
6992
8003
7886
8085
11993
8297
9114
11016
5112
9313
7340
8130
2565
8735
10675
1850
10806
5488
3977
9959
8564
8456
1961
2649
11557
3181
8690
5378
3293
10412
6969
9928
10452
2267
10695
2078
3261
3747
2710
4316
2853
10180
8280
9207
3183
8532
11976
9981
11387
7906
7949
6041
2795
5893
11911
7476
9118
808
4905
3571
5739
3991
5002
1664
11365
11799
11207
7180
9980
2259
6715
4418
4552
6038
2480
7008
2202
10887
5766
11984
4691
4933
8743
9267
3639
2886
6164
3363
2183
9244
5500
8577
364
3510
11461
1053
9336
8591
647
8925
7959
10150
8774
8442
10341
9230
10998
8637
8021
1993
11608
935
8482
1455
966
5729
4079
6049
11778
9499
8196
3873
5115
3807
8197
8623
6136
1903
794
10894
2950
11981
5010
7312
9280
9085
7214
11190
1263
10169
2989
11532
8171
1816
6918
9937
7706
7863
11244
5124
10970
35
8210
3904
7922
2362
106
6574
3184
248
3359
3724
10709
5709
7111
8292
7135
9260
4271
5030
1643
10124
4697
1275
2116
318
6495
7911
10175
2696
7460
8777
7515
10939
7770
6000
3464
